* Electrode material: NCA
* Source dH: Matthieu Dubarry 2022
* Source dS: set to zero
* Author: Wolfgang Bessler 10/2022
* x []          dH [J/mol]      dS [J/mol/K]
0.9500000	-316169.436	0.000000
0.9492290	-317164.653	0.000000
0.9484580	-318159.870	0.000000
0.9476870	-318267.569	0.000000
0.9469160	-319984.491	0.000000
0.9461450	-320768.609	0.000000
0.9453740	-321544.036	0.000000
0.9446030	-322240.600	0.000000
0.9438320	-322892.409	0.000000
0.9430610	-323545.784	0.000000
0.9422900	-324164.379	0.000000
0.9415190	-324726.141	0.000000
0.9407480	-325284.658	0.000000
0.9399770	-325842.460	0.000000
0.9392060	-326329.465	0.000000
0.9384350	-326816.007	0.000000
0.9376640	-327303.151	0.000000
0.9368930	-327736.971	0.000000
0.9361220	-328156.211	0.000000
0.9353510	-328606.060	0.000000
0.9345800	-328999.545	0.000000
0.9338090	-329357.133	0.000000
0.9330380	-329742.373	0.000000
0.9322670	-330101.335	0.000000
0.9314960	-330422.965	0.000000
0.9307250	-330757.044	0.000000
0.9299540	-331090.289	0.000000
0.9291830	-331381.974	0.000000
0.9284120	-331664.418	0.000000
0.9276410	-331967.294	0.000000
0.9268700	-332243.561	0.000000
0.9260990	-332512.395	0.000000
0.9253280	-332789.829	0.000000
0.9245570	-333061.357	0.000000
0.9237860	-333313.106	0.000000
0.9230150	-333558.116	0.000000
0.9222440	-333809.593	0.000000
0.9214730	-334039.255	0.000000
0.9207020	-334274.870	0.000000
0.9199310	-334496.434	0.000000
0.9191600	-334709.445	0.000000
0.9183890	-334916.172	0.000000
0.9176180	-335119.748	0.000000
0.9168470	-335321.102	0.000000
0.9160760	-335514.423	0.000000
0.9153050	-335700.200	0.000000
0.9145340	-335882.010	0.000000
0.9137630	-336059.067	0.000000
0.9129920	-336229.248	0.000000
0.9122210	-336393.395	0.000000
0.9114500	-336553.963	0.000000
0.9106790	-336709.407	0.000000
0.9099080	-336858.470	0.000000
0.9091370	-337005.653	0.000000
0.9083660	-337148.207	0.000000
0.9075950	-337285.028	0.000000
0.9068240	-337420.158	0.000000
0.9060530	-337552.709	0.000000
0.9052820	-337681.086	0.000000
0.9045110	-337807.029	0.000000
0.9037400	-337931.781	0.000000
0.9029690	-338053.004	0.000000
0.9021980	-338171.204	0.000000
0.9014270	-338289.087	0.000000
0.9006560	-338403.284	0.000000
0.8998850	-338514.536	0.000000
0.8991140	-338625.682	0.000000
0.8983430	-338733.620	0.000000
0.8975720	-338839.610	0.000000
0.8968010	-338944.745	0.000000
0.8960300	-339047.512	0.000000
0.8952590	-339147.036	0.000000
0.8944880	-339245.469	0.000000
0.8937170	-339341.481	0.000000
0.8929460	-339433.466	0.000000
0.8921750	-339525.561	0.000000
0.8914040	-339616.678	0.000000
0.8906330	-339704.295	0.000000
0.8898620	-339790.478	0.000000
0.8890910	-339874.522	0.000000
0.8883200	-339956.514	0.000000
0.8875490	-340037.805	0.000000
0.8867780	-340119.780	0.000000
0.8860070	-340199.523	0.000000
0.8852360	-340278.489	0.000000
0.8844650	-340357.699	0.000000
0.8836940	-340434.010	0.000000
0.8829230	-340508.632	0.000000
0.8821520	-340583.745	0.000000
0.8813810	-340658.929	0.000000
0.8806100	-340732.491	0.000000
0.8798390	-340805.876	0.000000
0.8790680	-340877.527	0.000000
0.8782970	-340947.513	0.000000
0.8775260	-341017.857	0.000000
0.8767550	-341088.528	0.000000
0.8759840	-341157.747	0.000000
0.8752130	-341226.859	0.000000
0.8744420	-341295.659	0.000000
0.8736710	-341364.076	0.000000
0.8729000	-341430.890	0.000000
0.8721290	-341499.002	0.000000
0.8713580	-341565.072	0.000000
0.8705870	-341631.603	0.000000
0.8698160	-341697.927	0.000000
0.8690450	-341763.129	0.000000
0.8682740	-341826.685	0.000000
0.8675030	-341890.267	0.000000
0.8667320	-341953.793	0.000000
0.8659610	-342016.788	0.000000
0.8651900	-342078.006	0.000000
0.8644190	-342139.788	0.000000
0.8636480	-342200.589	0.000000
0.8628770	-342262.251	0.000000
0.8621060	-342323.348	0.000000
0.8613350	-342384.854	0.000000
0.8605640	-342445.993	0.000000
0.8597930	-342507.463	0.000000
0.8590220	-342568.098	0.000000
0.8582510	-342628.882	0.000000
0.8574800	-342689.106	0.000000
0.8567090	-342750.406	0.000000
0.8559380	-342810.830	0.000000
0.8551670	-342871.918	0.000000
0.8543960	-342931.810	0.000000
0.8536250	-342992.338	0.000000
0.8528540	-343053.018	0.000000
0.8520830	-343113.622	0.000000
0.8513120	-343174.019	0.000000
0.8505410	-343234.379	0.000000
0.8497700	-343294.268	0.000000
0.8489990	-343354.881	0.000000
0.8482280	-343414.501	0.000000
0.8474570	-343475.407	0.000000
0.8466860	-343534.049	0.000000
0.8459150	-343594.979	0.000000
0.8451440	-343654.827	0.000000
0.8443730	-343713.834	0.000000
0.8436020	-343773.359	0.000000
0.8428310	-343833.895	0.000000
0.8420600	-343894.634	0.000000
0.8412890	-343955.136	0.000000
0.8405180	-344015.362	0.000000
0.8397470	-344076.177	0.000000
0.8389760	-344136.622	0.000000
0.8382050	-344197.624	0.000000
0.8374340	-344257.788	0.000000
0.8366630	-344318.504	0.000000
0.8358920	-344379.686	0.000000
0.8351210	-344440.924	0.000000
0.8343500	-344501.446	0.000000
0.8335790	-344562.044	0.000000
0.8328080	-344623.460	0.000000
0.8320370	-344685.065	0.000000
0.8312660	-344746.493	0.000000
0.8304950	-344807.845	0.000000
0.8297240	-344869.294	0.000000
0.8289530	-344931.162	0.000000
0.8281820	-344993.892	0.000000
0.8274110	-345055.695	0.000000
0.8266400	-345118.058	0.000000
0.8258690	-345180.340	0.000000
0.8250980	-345243.272	0.000000
0.8243270	-345305.938	0.000000
0.8235560	-345369.433	0.000000
0.8227850	-345433.195	0.000000
0.8220140	-345496.796	0.000000
0.8212430	-345561.390	0.000000
0.8204720	-345626.039	0.000000
0.8197010	-345689.580	0.000000
0.8189300	-345753.619	0.000000
0.8181590	-345817.374	0.000000
0.8173880	-345881.787	0.000000
0.8166170	-345945.950	0.000000
0.8158460	-346010.316	0.000000
0.8150750	-346074.147	0.000000
0.8143040	-346138.300	0.000000
0.8135330	-346202.941	0.000000
0.8127620	-346267.484	0.000000
0.8119910	-346331.346	0.000000
0.8112200	-346396.713	0.000000
0.8104490	-346461.438	0.000000
0.8096780	-346526.564	0.000000
0.8089070	-346591.947	0.000000
0.8081360	-346658.307	0.000000
0.8073650	-346724.372	0.000000
0.8065940	-346791.350	0.000000
0.8058230	-346857.681	0.000000
0.8050520	-346923.904	0.000000
0.8042810	-346990.659	0.000000
0.8035100	-347057.992	0.000000
0.8027390	-347124.452	0.000000
0.8019680	-347191.964	0.000000
0.8011970	-347259.376	0.000000
0.8004260	-347326.751	0.000000
0.7996550	-347393.152	0.000000
0.7988840	-347459.515	0.000000
0.7981130	-347526.260	0.000000
0.7973420	-347593.976	0.000000
0.7965710	-347661.421	0.000000
0.7958000	-347728.843	0.000000
0.7950290	-347795.723	0.000000
0.7942580	-347864.017	0.000000
0.7934870	-347931.754	0.000000
0.7927160	-347999.536	0.000000
0.7919450	-348067.301	0.000000
0.7911740	-348135.067	0.000000
0.7904030	-348203.435	0.000000
0.7896320	-348271.784	0.000000
0.7888610	-348339.555	0.000000
0.7880900	-348407.524	0.000000
0.7873190	-348475.736	0.000000
0.7865480	-348543.446	0.000000
0.7857770	-348611.181	0.000000
0.7850060	-348679.398	0.000000
0.7842350	-348747.602	0.000000
0.7834640	-348815.220	0.000000
0.7826930	-348883.586	0.000000
0.7819220	-348952.059	0.000000
0.7811510	-349019.851	0.000000
0.7803800	-349088.127	0.000000
0.7796090	-349156.270	0.000000
0.7788380	-349224.587	0.000000
0.7780670	-349293.372	0.000000
0.7772960	-349362.378	0.000000
0.7765250	-349430.681	0.000000
0.7757540	-349499.421	0.000000
0.7749830	-349567.822	0.000000
0.7742120	-349636.476	0.000000
0.7734410	-349704.913	0.000000
0.7726700	-349773.892	0.000000
0.7718990	-349842.271	0.000000
0.7711280	-349910.715	0.000000
0.7703570	-349978.843	0.000000
0.7695860	-350046.921	0.000000
0.7688150	-350115.066	0.000000
0.7680440	-350183.306	0.000000
0.7672730	-350251.476	0.000000
0.7665020	-350320.071	0.000000
0.7657310	-350388.290	0.000000
0.7649600	-350455.659	0.000000
0.7641890	-350522.586	0.000000
0.7634180	-350589.500	0.000000
0.7626470	-350656.242	0.000000
0.7618760	-350723.537	0.000000
0.7611050	-350790.379	0.000000
0.7603340	-350857.002	0.000000
0.7595630	-350923.029	0.000000
0.7587920	-350989.095	0.000000
0.7580210	-351055.986	0.000000
0.7572500	-351122.363	0.000000
0.7564790	-351189.498	0.000000
0.7557080	-351255.937	0.000000
0.7549370	-351322.835	0.000000
0.7541660	-351389.894	0.000000
0.7533950	-351456.798	0.000000
0.7526240	-351523.587	0.000000
0.7518530	-351590.216	0.000000
0.7510820	-351656.911	0.000000
0.7503110	-351724.055	0.000000
0.7495400	-351790.465	0.000000
0.7487690	-351856.151	0.000000
0.7479980	-351922.112	0.000000
0.7472270	-351987.962	0.000000
0.7464560	-352053.242	0.000000
0.7456850	-352118.901	0.000000
0.7449140	-352184.171	0.000000
0.7441430	-352250.349	0.000000
0.7433720	-352315.547	0.000000
0.7426010	-352380.451	0.000000
0.7418300	-352445.057	0.000000
0.7410590	-352509.436	0.000000
0.7402880	-352574.131	0.000000
0.7395170	-352638.874	0.000000
0.7387460	-352703.650	0.000000
0.7379750	-352768.741	0.000000
0.7372040	-352833.519	0.000000
0.7364330	-352896.948	0.000000
0.7356620	-352960.391	0.000000
0.7348910	-353024.702	0.000000
0.7341200	-353087.946	0.000000
0.7333490	-353151.138	0.000000
0.7325780	-353213.746	0.000000
0.7318070	-353276.874	0.000000
0.7310360	-353339.411	0.000000
0.7302650	-353401.845	0.000000
0.7294940	-353464.750	0.000000
0.7287230	-353526.024	0.000000
0.7279520	-353588.403	0.000000
0.7271810	-353649.355	0.000000
0.7264100	-353709.729	0.000000
0.7256390	-353770.754	0.000000
0.7248680	-353832.018	0.000000
0.7240970	-353893.027	0.000000
0.7233260	-353954.135	0.000000
0.7225550	-354014.747	0.000000
0.7217840	-354074.939	0.000000
0.7210130	-354134.181	0.000000
0.7202420	-354194.113	0.000000
0.7194710	-354253.641	0.000000
0.7187000	-354313.272	0.000000
0.7179290	-354373.469	0.000000
0.7171580	-354433.200	0.000000
0.7163870	-354492.206	0.000000
0.7156160	-354551.223	0.000000
0.7148450	-354609.752	0.000000
0.7140740	-354668.477	0.000000
0.7133030	-354727.153	0.000000
0.7125320	-354785.579	0.000000
0.7117610	-354843.487	0.000000
0.7109900	-354901.604	0.000000
0.7102190	-354960.068	0.000000
0.7094480	-355018.114	0.000000
0.7086770	-355076.151	0.000000
0.7079060	-355133.262	0.000000
0.7071350	-355191.252	0.000000
0.7063640	-355248.486	0.000000
0.7055930	-355305.446	0.000000
0.7048220	-355361.645	0.000000
0.7040510	-355418.882	0.000000
0.7032800	-355476.056	0.000000
0.7025090	-355533.106	0.000000
0.7017380	-355589.320	0.000000
0.7009670	-355645.029	0.000000
0.7001960	-355700.659	0.000000
0.6994250	-355756.745	0.000000
0.6986540	-355811.460	0.000000
0.6978830	-355867.319	0.000000
0.6971120	-355923.212	0.000000
0.6963410	-355979.674	0.000000
0.6955700	-356034.696	0.000000
0.6947990	-356089.523	0.000000
0.6940280	-356144.624	0.000000
0.6932570	-356199.076	0.000000
0.6924860	-356254.652	0.000000
0.6917150	-356309.680	0.000000
0.6909440	-356365.239	0.000000
0.6901730	-356420.377	0.000000
0.6894020	-356475.033	0.000000
0.6886310	-356528.808	0.000000
0.6878600	-356581.870	0.000000
0.6870890	-356635.539	0.000000
0.6863180	-356689.559	0.000000
0.6855470	-356743.074	0.000000
0.6847760	-356796.817	0.000000
0.6840050	-356849.819	0.000000
0.6832340	-356902.793	0.000000
0.6824630	-356955.054	0.000000
0.6816920	-357008.646	0.000000
0.6809210	-357061.490	0.000000
0.6801500	-357114.494	0.000000
0.6793790	-357168.269	0.000000
0.6786080	-357221.584	0.000000
0.6778370	-357274.336	0.000000
0.6770660	-357326.757	0.000000
0.6762950	-357379.068	0.000000
0.6755240	-357431.564	0.000000
0.6747530	-357483.634	0.000000
0.6739820	-357535.644	0.000000
0.6732110	-357587.837	0.000000
0.6724400	-357639.723	0.000000
0.6716690	-357691.832	0.000000
0.6708980	-357743.890	0.000000
0.6701270	-357796.569	0.000000
0.6693560	-357848.805	0.000000
0.6685850	-357901.830	0.000000
0.6678140	-357954.374	0.000000
0.6670430	-358006.687	0.000000
0.6662720	-358059.257	0.000000
0.6655010	-358112.433	0.000000
0.6647300	-358164.679	0.000000
0.6639590	-358216.965	0.000000
0.6631880	-358269.056	0.000000
0.6624170	-358321.207	0.000000
0.6616460	-358372.855	0.000000
0.6608750	-358425.409	0.000000
0.6601040	-358477.567	0.000000
0.6593330	-358529.457	0.000000
0.6585620	-358581.924	0.000000
0.6577910	-358634.449	0.000000
0.6570200	-358686.628	0.000000
0.6562490	-358738.995	0.000000
0.6554780	-358790.940	0.000000
0.6547070	-358844.034	0.000000
0.6539360	-358896.571	0.000000
0.6531650	-358949.163	0.000000
0.6523940	-359001.352	0.000000
0.6516230	-359053.395	0.000000
0.6508520	-359106.025	0.000000
0.6500810	-359158.524	0.000000
0.6493100	-359210.757	0.000000
0.6485390	-359263.855	0.000000
0.6477680	-359316.749	0.000000
0.6469970	-359369.756	0.000000
0.6462260	-359422.394	0.000000
0.6454550	-359474.676	0.000000
0.6446840	-359527.492	0.000000
0.6439130	-359579.750	0.000000
0.6431420	-359632.341	0.000000
0.6423710	-359685.019	0.000000
0.6416000	-359738.255	0.000000
0.6408290	-359790.915	0.000000
0.6400580	-359843.352	0.000000
0.6392870	-359896.014	0.000000
0.6385160	-359949.155	0.000000
0.6377450	-360002.008	0.000000
0.6369740	-360054.435	0.000000
0.6362030	-360107.728	0.000000
0.6354320	-360160.803	0.000000
0.6346610	-360215.079	0.000000
0.6338900	-360268.558	0.000000
0.6331190	-360321.767	0.000000
0.6323480	-360375.763	0.000000
0.6315770	-360430.302	0.000000
0.6308060	-360484.294	0.000000
0.6300350	-360537.418	0.000000
0.6292640	-360590.893	0.000000
0.6284930	-360645.603	0.000000
0.6277220	-360699.878	0.000000
0.6269510	-360754.131	0.000000
0.6261800	-360807.637	0.000000
0.6254090	-360861.513	0.000000
0.6246380	-360915.266	0.000000
0.6238670	-360969.102	0.000000
0.6230960	-361023.234	0.000000
0.6223250	-361077.484	0.000000
0.6215540	-361132.589	0.000000
0.6207830	-361188.017	0.000000
0.6200120	-361242.757	0.000000
0.6192410	-361297.494	0.000000
0.6184700	-361353.172	0.000000
0.6176990	-361409.212	0.000000
0.6169280	-361464.320	0.000000
0.6161570	-361520.036	0.000000
0.6153860	-361576.346	0.000000
0.6146150	-361631.490	0.000000
0.6138440	-361687.565	0.000000
0.6130730	-361743.327	0.000000
0.6123020	-361798.176	0.000000
0.6115310	-361854.028	0.000000
0.6107600	-361910.110	0.000000
0.6099890	-361966.497	0.000000
0.6092180	-362023.307	0.000000
0.6084470	-362080.571	0.000000
0.6076760	-362137.895	0.000000
0.6069050	-362194.790	0.000000
0.6061340	-362253.593	0.000000
0.6053630	-362310.955	0.000000
0.6045920	-362368.803	0.000000
0.6038210	-362427.677	0.000000
0.6030500	-362486.120	0.000000
0.6022790	-362544.203	0.000000
0.6015080	-362601.937	0.000000
0.6007370	-362660.316	0.000000
0.5999660	-362718.843	0.000000
0.5991950	-362778.182	0.000000
0.5984240	-362837.625	0.000000
0.5976530	-362895.736	0.000000
0.5968820	-362955.605	0.000000
0.5961110	-363015.334	0.000000
0.5953400	-363074.949	0.000000
0.5945690	-363135.763	0.000000
0.5937980	-363196.251	0.000000
0.5930270	-363257.683	0.000000
0.5922560	-363318.390	0.000000
0.5914850	-363379.160	0.000000
0.5907140	-363439.561	0.000000
0.5899430	-363500.552	0.000000
0.5891720	-363562.765	0.000000
0.5884010	-363624.322	0.000000
0.5876300	-363686.386	0.000000
0.5868590	-363748.951	0.000000
0.5860880	-363811.035	0.000000
0.5853170	-363874.206	0.000000
0.5845460	-363937.122	0.000000
0.5837750	-364000.144	0.000000
0.5830040	-364063.454	0.000000
0.5822330	-364127.423	0.000000
0.5814620	-364191.257	0.000000
0.5806910	-364254.936	0.000000
0.5799200	-364319.123	0.000000
0.5791490	-364383.837	0.000000
0.5783780	-364448.083	0.000000
0.5776070	-364513.209	0.000000
0.5768360	-364578.225	0.000000
0.5760650	-364643.174	0.000000
0.5752940	-364708.350	0.000000
0.5745230	-364774.150	0.000000
0.5737520	-364840.518	0.000000
0.5729810	-364906.936	0.000000
0.5722100	-364973.436	0.000000
0.5714390	-365040.031	0.000000
0.5706680	-365106.187	0.000000
0.5698970	-365173.315	0.000000
0.5691260	-365240.603	0.000000
0.5683550	-365307.994	0.000000
0.5675840	-365375.493	0.000000
0.5668130	-365443.321	0.000000
0.5660420	-365511.974	0.000000
0.5652710	-365580.688	0.000000
0.5645000	-365648.837	0.000000
0.5637290	-365717.662	0.000000
0.5629580	-365786.397	0.000000
0.5621870	-365855.299	0.000000
0.5614160	-365925.667	0.000000
0.5606450	-365995.401	0.000000
0.5598740	-366065.702	0.000000
0.5591030	-366136.482	0.000000
0.5583320	-366207.934	0.000000
0.5575610	-366279.121	0.000000
0.5567900	-366351.096	0.000000
0.5560190	-366423.388	0.000000
0.5552480	-366495.731	0.000000
0.5544770	-366568.773	0.000000
0.5537060	-366642.545	0.000000
0.5529350	-366715.450	0.000000
0.5521640	-366789.217	0.000000
0.5513930	-366862.950	0.000000
0.5506220	-366937.806	0.000000
0.5498510	-367012.365	0.000000
0.5490800	-367086.712	0.000000
0.5483090	-367161.078	0.000000
0.5475380	-367236.519	0.000000
0.5467670	-367312.316	0.000000
0.5459960	-367388.769	0.000000
0.5452250	-367466.005	0.000000
0.5444540	-367542.552	0.000000
0.5436830	-367620.161	0.000000
0.5429120	-367697.798	0.000000
0.5421410	-367774.696	0.000000
0.5413700	-367852.520	0.000000
0.5405990	-367930.489	0.000000
0.5398280	-368008.696	0.000000
0.5390570	-368087.451	0.000000
0.5382860	-368166.451	0.000000
0.5375150	-368244.890	0.000000
0.5367440	-368323.413	0.000000
0.5359730	-368402.692	0.000000
0.5352020	-368482.397	0.000000
0.5344310	-368562.101	0.000000
0.5336600	-368642.413	0.000000
0.5328890	-368721.732	0.000000
0.5321180	-368802.331	0.000000
0.5313470	-368883.123	0.000000
0.5305760	-368964.012	0.000000
0.5298050	-369044.840	0.000000
0.5290340	-369126.465	0.000000
0.5282630	-369208.249	0.000000
0.5274920	-369290.510	0.000000
0.5267210	-369372.372	0.000000
0.5259500	-369454.892	0.000000
0.5251790	-369538.002	0.000000
0.5244080	-369621.882	0.000000
0.5236370	-369705.119	0.000000
0.5228660	-369788.653	0.000000
0.5220950	-369872.375	0.000000
0.5213240	-369956.126	0.000000
0.5205530	-370040.239	0.000000
0.5197820	-370124.957	0.000000
0.5190110	-370209.321	0.000000
0.5182400	-370294.086	0.000000
0.5174690	-370379.250	0.000000
0.5166980	-370463.758	0.000000
0.5159270	-370548.697	0.000000
0.5151560	-370634.790	0.000000
0.5143850	-370720.521	0.000000
0.5136140	-370806.607	0.000000
0.5128430	-370894.036	0.000000
0.5120720	-370980.292	0.000000
0.5113010	-371066.363	0.000000
0.5105300	-371153.786	0.000000
0.5097590	-371241.070	0.000000
0.5089880	-371327.699	0.000000
0.5082170	-371415.076	0.000000
0.5074460	-371503.070	0.000000
0.5066750	-371591.113	0.000000
0.5059040	-371679.364	0.000000
0.5051330	-371767.256	0.000000
0.5043620	-371854.521	0.000000
0.5035910	-371942.572	0.000000
0.5028200	-372031.705	0.000000
0.5020490	-372119.718	0.000000
0.5012780	-372207.724	0.000000
0.5005070	-372296.336	0.000000
0.4997360	-372384.962	0.000000
0.4989650	-372473.132	0.000000
0.4981940	-372561.005	0.000000
0.4974230	-372649.156	0.000000
0.4966520	-372737.128	0.000000
0.4958810	-372825.480	0.000000
0.4951100	-372914.477	0.000000
0.4943390	-373002.932	0.000000
0.4935680	-373091.378	0.000000
0.4927970	-373180.119	0.000000
0.4920260	-373269.006	0.000000
0.4912550	-373358.528	0.000000
0.4904840	-373447.582	0.000000
0.4897130	-373537.251	0.000000
0.4889420	-373626.862	0.000000
0.4881710	-373716.599	0.000000
0.4874000	-373806.698	0.000000
0.4866290	-373896.072	0.000000
0.4858580	-373985.900	0.000000
0.4850870	-374075.211	0.000000
0.4843160	-374164.490	0.000000
0.4835450	-374254.385	0.000000
0.4827740	-374343.733	0.000000
0.4820030	-374433.335	0.000000
0.4812320	-374522.875	0.000000
0.4804610	-374612.530	0.000000
0.4796900	-374702.061	0.000000
0.4789190	-374791.316	0.000000
0.4781480	-374880.960	0.000000
0.4773770	-374970.459	0.000000
0.4766060	-375060.845	0.000000
0.4758350	-375151.132	0.000000
0.4750640	-375240.547	0.000000
0.4742930	-375330.098	0.000000
0.4735220	-375419.427	0.000000
0.4727510	-375509.040	0.000000
0.4719800	-375598.023	0.000000
0.4712090	-375687.354	0.000000
0.4704380	-375777.245	0.000000
0.4696670	-375866.805	0.000000
0.4688960	-375955.880	0.000000
0.4681250	-376044.604	0.000000
0.4673540	-376131.950	0.000000
0.4665830	-376220.109	0.000000
0.4658120	-376308.359	0.000000
0.4650410	-376396.890	0.000000
0.4642700	-376484.853	0.000000
0.4634990	-376573.174	0.000000
0.4627280	-376661.057	0.000000
0.4619570	-376748.649	0.000000
0.4611860	-376836.219	0.000000
0.4604150	-376923.627	0.000000
0.4596440	-377012.003	0.000000
0.4588730	-377100.789	0.000000
0.4581020	-377189.041	0.000000
0.4573310	-377277.481	0.000000
0.4565600	-377364.806	0.000000
0.4557890	-377453.743	0.000000
0.4550180	-377542.239	0.000000
0.4542470	-377630.169	0.000000
0.4534760	-377717.359	0.000000
0.4527050	-377804.731	0.000000
0.4519340	-377892.140	0.000000
0.4511630	-377979.480	0.000000
0.4503920	-378066.844	0.000000
0.4496210	-378154.234	0.000000
0.4488500	-378240.748	0.000000
0.4480790	-378327.610	0.000000
0.4473080	-378413.508	0.000000
0.4465370	-378498.860	0.000000
0.4457660	-378584.481	0.000000
0.4449950	-378671.413	0.000000
0.4442240	-378757.565	0.000000
0.4434530	-378843.909	0.000000
0.4426820	-378929.274	0.000000
0.4419110	-379014.879	0.000000
0.4411400	-379100.039	0.000000
0.4403690	-379185.597	0.000000
0.4395980	-379270.764	0.000000
0.4388270	-379355.787	0.000000
0.4380560	-379441.140	0.000000
0.4372850	-379525.512	0.000000
0.4365140	-379609.942	0.000000
0.4357430	-379693.992	0.000000
0.4349720	-379777.850	0.000000
0.4342010	-379862.195	0.000000
0.4334300	-379945.989	0.000000
0.4326590	-380029.571	0.000000
0.4318880	-380112.958	0.000000
0.4311170	-380195.926	0.000000
0.4303460	-380279.142	0.000000
0.4295750	-380361.884	0.000000
0.4288040	-380444.870	0.000000
0.4280330	-380527.323	0.000000
0.4272620	-380610.079	0.000000
0.4264910	-380692.274	0.000000
0.4257200	-380773.729	0.000000
0.4249490	-380855.503	0.000000
0.4241780	-380937.527	0.000000
0.4234070	-381019.423	0.000000
0.4226360	-381101.399	0.000000
0.4218650	-381183.236	0.000000
0.4210940	-381264.951	0.000000
0.4203230	-381347.087	0.000000
0.4195520	-381428.735	0.000000
0.4187810	-381509.704	0.000000
0.4180100	-381590.768	0.000000
0.4172390	-381672.082	0.000000
0.4164680	-381752.772	0.000000
0.4156970	-381833.002	0.000000
0.4149260	-381914.288	0.000000
0.4141550	-381994.872	0.000000
0.4133840	-382075.292	0.000000
0.4126130	-382155.780	0.000000
0.4118420	-382236.318	0.000000
0.4110710	-382316.733	0.000000
0.4103000	-382396.500	0.000000
0.4095290	-382477.236	0.000000
0.4087580	-382557.757	0.000000
0.4079870	-382637.692	0.000000
0.4072160	-382718.509	0.000000
0.4064450	-382798.137	0.000000
0.4056740	-382877.648	0.000000
0.4049030	-382958.315	0.000000
0.4041320	-383038.455	0.000000
0.4033610	-383117.918	0.000000
0.4025900	-383197.434	0.000000
0.4018190	-383277.347	0.000000
0.4010480	-383357.134	0.000000
0.4002770	-383437.054	0.000000
0.3995060	-383516.440	0.000000
0.3987350	-383596.156	0.000000
0.3979640	-383675.669	0.000000
0.3971930	-383755.874	0.000000
0.3964220	-383834.775	0.000000
0.3956510	-383914.161	0.000000
0.3948800	-383993.826	0.000000
0.3941090	-384073.313	0.000000
0.3933380	-384152.826	0.000000
0.3925670	-384232.565	0.000000
0.3917960	-384311.909	0.000000
0.3910250	-384392.570	0.000000
0.3902540	-384472.850	0.000000
0.3894830	-384553.507	0.000000
0.3887120	-384633.681	0.000000
0.3879410	-384714.357	0.000000
0.3871700	-384794.285	0.000000
0.3863990	-384874.579	0.000000
0.3856280	-384955.837	0.000000
0.3848570	-385037.476	0.000000
0.3840860	-385117.998	0.000000
0.3833150	-385199.465	0.000000
0.3825440	-385280.730	0.000000
0.3817730	-385360.895	0.000000
0.3810020	-385441.674	0.000000
0.3802310	-385523.597	0.000000
0.3794600	-385605.936	0.000000
0.3786890	-385688.511	0.000000
0.3779180	-385771.782	0.000000
0.3771470	-385854.482	0.000000
0.3763760	-385936.813	0.000000
0.3756050	-386019.986	0.000000
0.3748340	-386103.386	0.000000
0.3740630	-386186.599	0.000000
0.3732920	-386271.333	0.000000
0.3725210	-386355.801	0.000000
0.3717500	-386439.728	0.000000
0.3709790	-386524.117	0.000000
0.3702080	-386609.107	0.000000
0.3694370	-386694.300	0.000000
0.3686660	-386779.805	0.000000
0.3678950	-386865.393	0.000000
0.3671240	-386951.843	0.000000
0.3663530	-387037.436	0.000000
0.3655820	-387124.819	0.000000
0.3648110	-387212.092	0.000000
0.3640400	-387299.468	0.000000
0.3632690	-387387.584	0.000000
0.3624980	-387475.291	0.000000
0.3617270	-387562.815	0.000000
0.3609560	-387650.039	0.000000
0.3601850	-387737.790	0.000000
0.3594140	-387827.612	0.000000
0.3586430	-387916.448	0.000000
0.3578720	-388006.128	0.000000
0.3571010	-388095.470	0.000000
0.3563300	-388185.453	0.000000
0.3555590	-388276.190	0.000000
0.3547880	-388366.704	0.000000
0.3540170	-388458.803	0.000000
0.3532460	-388551.951	0.000000
0.3524750	-388645.464	0.000000
0.3517040	-388739.068	0.000000
0.3509330	-388832.465	0.000000
0.3501620	-388926.607	0.000000
0.3493910	-389021.795	0.000000
0.3486200	-389117.280	0.000000
0.3478490	-389213.253	0.000000
0.3470780	-389309.471	0.000000
0.3463070	-389406.465	0.000000
0.3455360	-389502.767	0.000000
0.3447650	-389599.900	0.000000
0.3439940	-389697.765	0.000000
0.3432230	-389795.626	0.000000
0.3424520	-389894.711	0.000000
0.3416810	-389994.421	0.000000
0.3409100	-390094.197	0.000000
0.3401390	-390194.527	0.000000
0.3393680	-390295.132	0.000000
0.3385970	-390396.146	0.000000
0.3378260	-390497.742	0.000000
0.3370550	-390600.392	0.000000
0.3362840	-390702.553	0.000000
0.3355130	-390805.226	0.000000
0.3347420	-390909.062	0.000000
0.3339710	-391012.889	0.000000
0.3332000	-391116.370	0.000000
0.3324290	-391220.319	0.000000
0.3316580	-391324.716	0.000000
0.3308870	-391429.686	0.000000
0.3301160	-391535.223	0.000000
0.3293450	-391640.556	0.000000
0.3285740	-391746.399	0.000000
0.3278030	-391853.691	0.000000
0.3270320	-391961.920	0.000000
0.3262610	-392069.336	0.000000
0.3254900	-392177.433	0.000000
0.3247190	-392286.241	0.000000
0.3239480	-392395.654	0.000000
0.3231770	-392504.661	0.000000
0.3224060	-392614.437	0.000000
0.3216350	-392724.362	0.000000
0.3208640	-392835.153	0.000000
0.3200930	-392946.144	0.000000
0.3193220	-393056.790	0.000000
0.3185510	-393167.846	0.000000
0.3177800	-393279.312	0.000000
0.3170090	-393391.417	0.000000
0.3162380	-393503.779	0.000000
0.3154670	-393616.255	0.000000
0.3146960	-393729.690	0.000000
0.3139250	-393842.941	0.000000
0.3131540	-393956.815	0.000000
0.3123830	-394070.777	0.000000
0.3116120	-394184.972	0.000000
0.3108410	-394298.783	0.000000
0.3100700	-394412.567	0.000000
0.3092990	-394527.348	0.000000
0.3085280	-394641.254	0.000000
0.3077570	-394755.812	0.000000
0.3069860	-394870.315	0.000000
0.3062150	-394985.596	0.000000
0.3054440	-395100.768	0.000000
0.3046730	-395215.315	0.000000
0.3039020	-395329.327	0.000000
0.3031310	-395444.193	0.000000
0.3023600	-395559.725	0.000000
0.3015890	-395675.238	0.000000
0.3008180	-395790.818	0.000000
0.3000470	-395906.471	0.000000
0.2992760	-396021.162	0.000000
0.2985050	-396136.622	0.000000
0.2977340	-396251.826	0.000000
0.2969630	-396366.373	0.000000
0.2961920	-396481.337	0.000000
0.2954210	-396596.351	0.000000
0.2946500	-396711.088	0.000000
0.2938790	-396826.011	0.000000
0.2931080	-396940.905	0.000000
0.2923370	-397055.312	0.000000
0.2915660	-397170.205	0.000000
0.2907950	-397285.603	0.000000
0.2900240	-397399.459	0.000000
0.2892530	-397513.539	0.000000
0.2884820	-397627.890	0.000000
0.2877110	-397742.038	0.000000
0.2869400	-397856.007	0.000000
0.2861690	-397970.333	0.000000
0.2853980	-398084.206	0.000000
0.2846270	-398197.693	0.000000
0.2838560	-398310.138	0.000000
0.2830850	-398422.099	0.000000
0.2823140	-398533.638	0.000000
0.2815430	-398644.472	0.000000
0.2807720	-398755.149	0.000000
0.2800010	-398866.126	0.000000
0.2792300	-398976.124	0.000000
0.2784590	-399085.682	0.000000
0.2776880	-399194.501	0.000000
0.2769170	-399302.258	0.000000
0.2761460	-399410.149	0.000000
0.2753750	-399517.479	0.000000
0.2746040	-399624.742	0.000000
0.2738330	-399730.414	0.000000
0.2730620	-399837.339	0.000000
0.2722910	-399942.439	0.000000
0.2715200	-400045.626	0.000000
0.2707490	-400149.311	0.000000
0.2699780	-400252.363	0.000000
0.2692070	-400354.165	0.000000
0.2684360	-400455.957	0.000000
0.2676650	-400555.536	0.000000
0.2668940	-400655.411	0.000000
0.2661230	-400754.462	0.000000
0.2653520	-400853.084	0.000000
0.2645810	-400950.342	0.000000
0.2638100	-401047.509	0.000000
0.2630390	-401143.998	0.000000
0.2622680	-401239.951	0.000000
0.2614970	-401334.931	0.000000
0.2607260	-401429.929	0.000000
0.2599550	-401524.175	0.000000
0.2591840	-401618.214	0.000000
0.2584130	-401710.632	0.000000
0.2576420	-401802.391	0.000000
0.2568710	-401893.366	0.000000
0.2561000	-401983.553	0.000000
0.2553290	-402073.921	0.000000
0.2545580	-402163.878	0.000000
0.2537870	-402252.974	0.000000
0.2530160	-402341.382	0.000000
0.2522450	-402429.230	0.000000
0.2514740	-402516.997	0.000000
0.2507030	-402603.798	0.000000
0.2499320	-402689.978	0.000000
0.2491610	-402776.499	0.000000
0.2483900	-402862.929	0.000000
0.2476190	-402948.792	0.000000
0.2468480	-403034.451	0.000000
0.2460770	-403119.997	0.000000
0.2453060	-403204.739	0.000000
0.2445350	-403290.668	0.000000
0.2437640	-403376.688	0.000000
0.2429930	-403461.685	0.000000
0.2422220	-403547.541	0.000000
0.2414510	-403634.815	0.000000
0.2406800	-403721.662	0.000000
0.2399090	-403808.278	0.000000
0.2391380	-403896.061	0.000000
0.2383670	-403984.176	0.000000
0.2375960	-404072.161	0.000000
0.2368250	-404160.631	0.000000
0.2360540	-404249.469	0.000000
0.2352830	-404338.466	0.000000
0.2345120	-404428.751	0.000000
0.2337410	-404519.367	0.000000
0.2329700	-404610.224	0.000000
0.2321990	-404702.908	0.000000
0.2314280	-404795.927	0.000000
0.2306570	-404890.141	0.000000
0.2298860	-404984.606	0.000000
0.2291150	-405080.132	0.000000
0.2283440	-405176.797	0.000000
0.2275730	-405274.404	0.000000
0.2268020	-405373.283	0.000000
0.2260310	-405473.549	0.000000
0.2252600	-405574.408	0.000000
0.2244890	-405676.432	0.000000
0.2237180	-405779.173	0.000000
0.2229470	-405883.624	0.000000
0.2221760	-405988.578	0.000000
0.2214050	-406095.254	0.000000
0.2206340	-406203.714	0.000000
0.2198630	-406314.859	0.000000
0.2190920	-406427.508	0.000000
0.2183210	-406541.794	0.000000
0.2175500	-406657.629	0.000000
0.2167790	-406775.309	0.000000
0.2160080	-406895.551	0.000000
0.2152370	-407017.230	0.000000
0.2144660	-407141.636	0.000000
0.2136950	-407268.918	0.000000
0.2129240	-407398.170	0.000000
0.2121530	-407530.295	0.000000
0.2113820	-407664.021	0.000000
0.2106110	-407800.259	0.000000
0.2098400	-407938.366	0.000000
0.2090690	-408078.766	0.000000
0.2082980	-408221.426	0.000000
0.2075270	-408365.936	0.000000
0.2067560	-408514.546	0.000000
0.2059850	-408666.005	0.000000
0.2052140	-408819.312	0.000000
0.2044430	-408976.409	0.000000
0.2036720	-409136.373	0.000000
0.2029010	-409298.857	0.000000
0.2021300	-409464.906	0.000000
0.2013590	-409635.143	0.000000
0.2005880	-409807.931	0.000000
0.1998170	-409985.321	0.000000
0.1990460	-410166.374	0.000000
0.1982750	-410350.816	0.000000
0.1975040	-410538.439	0.000000
0.1967330	-410731.386	0.000000
0.1959620	-410927.410	0.000000
0.1951910	-411127.338	0.000000
0.1944200	-411331.908	0.000000
0.1936490	-411540.129	0.000000
0.1928780	-411752.602	0.000000
0.1921070	-411970.387	0.000000
0.1913360	-412193.123	0.000000
0.1905650	-412420.266	0.000000
0.1897940	-412653.417	0.000000
0.1890230	-412891.406	0.000000
0.1882520	-413134.211	0.000000
0.1874810	-413384.038	0.000000
0.1867100	-413641.232	0.000000
0.1859390	-413905.199	0.000000
0.1851680	-414178.280	0.000000
0.1843970	-414460.914	0.000000
0.1836260	-414756.637	0.000000
0.1828550	-415063.765	0.000000
0.1820840	-415384.219	0.000000
0.1813130	-415718.679	0.000000
0.1805420	-416064.354	0.000000
0.1797710	-416409.414	0.000000
0.1790000	-417596.035	0.000000
